========== 算例1：沿x轴杆单元 ==========
长度 L = 2.00 m
方向余弦 c = [np.float64(1.0), np.float64(0.0), np.float64(0.0)]
应变 ε = 5.00e-04
应力 σ = 1.00e+08 Pa
轴力 N = 1.00e+04 N
单元刚度矩阵 Ke：
[[ 10000000.         0.         0. -10000000.         0.         0.]
 [        0.         0.         0.         0.         0.         0.]
 [        0.         0.         0.         0.         0.         0.]
 [-10000000.         0.         0.  10000000.         0.         0.]
 [        0.         0.         0.         0.         0.         0.]
 [        0.         0.         0.         0.         0.         0.]]

========== 算例2：空间任意方向杆 ==========
长度 L = 3.00 m
方向余弦 c = [np.float64(0.333), np.float64(0.667), np.float64(0.667)]
应变 ε = 1.00e-03
应力 σ = 2.10e+08 Pa
轴力 N = 4.20e+04 N
单元刚度矩阵 Ke：
[[ 1555555.55555556  3111111.11111111  3111111.11111111 -1555555.55555556
  -3111111.11111111 -3111111.11111111]
 [ 3111111.11111111  6222222.22222222  6222222.22222222 -3111111.11111111
  -6222222.22222222 -6222222.22222222]
 [ 3111111.11111111  6222222.22222222  6222222.22222222 -3111111.11111111
  -6222222.22222222 -6222222.22222222]
 [-1555555.55555556 -3111111.11111111 -3111111.11111111  1555555.55555556
   3111111.11111111  3111111.11111111]
 [-3111111.11111111 -6222222.22222222 -6222222.22222222  3111111.11111111
   6222222.22222222  6222222.22222222]
 [-3111111.11111111 -6222222.22222222 -6222222.22222222  3111111.11111111
   6222222.22222222  6222222.22222222]]

========== 刚度矩阵性质验证 ==========
 Ke 是否对称： True
 Ke 是否半正定（无负特征值）： True

进程已结束，退出代码为 0
